place(-3.628, 1.000, 39.673, "Military Base", 700)
upgrade(-3.628, 2.075, 39.673, 350)
place(1.086, 1.000, 33.091, "Military Base", 422)
place(1.408, 1.000, 33.162, "Military Base", 768)
upgrade(1.408, 2.075, 33.162, 340)
place(4.376, 1.000, 39.241, "Military Base", 636)
upgrade(4.376, 2.075, 39.241, 526)
upgrade(4.376, 2.075, 39.241, 966)
upgrade(4.376, 2.075, 39.241, 536)
upgrade(1.408, 2.075, 33.162, 604)
upgrade(-3.628, 2.075, 39.673, 748)
place(7.867, 1.000, 33.808, "Military Base", 1048)
upgrade(7.867, 2.075, 33.808, 448)
upgrade(7.867, 2.075, 33.808, 748)
place(2.009, 1.000, 27.789, "Military Base", 798)
upgrade(2.009, 2.075, 27.789, 384)
upgrade(2.009, 2.075, 27.789, 902)
place(-1.586, 3.600, -0.621, "Crook Boss", 2440)
upgrade(-1.586, 4.950, -0.621, 1810)
upgrade(-1.586, 4.950, -0.621, 6080)
upgrade(2.009, 2.075, 27.789, 3198)
place(10.046, 3.600, 16.751, "Freezer", 1076)
upgrade(10.046, 4.950, 16.751, 619)
upgrade(10.046, 4.950, 16.751, 1892)
upgrade(7.867, 2.075, 33.808, 3177)
upgrade(1.408, 2.075, 33.162, 3044)
upgrade(-3.628, 2.075, 39.673, 3042)
upgrade(4.376, 2.075, 39.241, 3082)
place(-7.293, 3.600, -3.150, "Freezer", 1432)
upgrade(-7.293, 4.950, -3.150, 861)
upgrade(-7.293, 4.950, -3.150, 1105)
upgrade(10.046, 4.950, 16.751, 3079)
place(11.980, 1.000, -26.595, "Freezer", 4589)
upgrade(11.980, 2.350, -26.595, 3952)
upgrade(11.980, 2.350, -26.595, 3615)
place(20.234, 1.000, -25.128, "Trapper", 7970)
upgrade(20.234, 2.350, -25.128, 7220)
upgrade(20.234, 2.350, -25.128, 6570)
place(5.564, 1.000, -15.266, "Trapper", 5145)
upgrade(5.564, 2.350, -15.266, 4395)
upgrade(5.564, 2.350, -15.266, 3645)
SetTrap(5.564, 2.350, -15.266, "Landmine", 2910)
SetTrap(20.234, 2.350, -25.128, "Landmine", 3065)
